%YAML:1.0
---
model_type: PINHOLE
camera_name: camera
image_width: 640
image_height: 480
distortion_parameters:
   k1: 0.16687763353212479
   k2: 0.19529261615650864
   p1: 0.011477251492739718
   p2: 0.03144172142921115
projection_parameters:
   fx: 601.1135392820456
   fy: 591.7345678210316
   cx: 329.97373287741385
   cy: 242.3104755145417
