%YAML:1.0
---
model_type: PINHOLE
camera_name: camera
image_width: 640
image_height: 480
distortion_parameters:
   k1: 0.038122569046103755
   k2: -0.039842115259588
   p1: 0.0018192263256936172
   p2: 0.00016930247268264075
   k3: 0.000000
projection_parameters:
   fx: 464.2670091842552
   fy: 463.8772756130086
   cx: 303.2268837386174
   cy: 228.38026333833278
