%YAML:1.0
---
model_type: PINHOLE
camera_name: camera
image_width: 640
image_height: 480
distortion_parameters:
   k1: 0.04439770736682277
   k2: -0.03895397206396277
   p1: 0.0020215892451187693
   p2: -0.0033477339706955685
   k3: 0.000000
projection_parameters:
   fx: 464.32134239202713
   fy: 463.67745788692105
   cx: 295.9247916751905
   cy: 227.35031502635812

